343	3408	343	725	343	425
343.002	3412	343.002	925	343.002	281
343.004	2577	343.004	697	343.004	329
343.006	2117	343.006	733	343.006	263
343.008	3053	343.008	661	343.008	499
343.01	3308	343.01	765	343.01	275
343.012	3215	343.012	1479	343.012	577
343.014	3521	343.014	1544	343.014	277
343.016	5293	343.016	2798	343.016	536
343.018	6308	343.018	3379	343.018	978
343.02	7144	343.02	3854	343.02	2158
343.022	6327	343.022	3899	343.022	1595
343.024	7093	343.024	3035	343.024	1431
343.026	6696	343.026	3178	343.026	1416
343.028	6937	343.028	2900	343.028	1089
343.03	8913	343.03	2802	343.03	1262
343.032	4644	343.032	2542	343.032	1091
343.034	6615	343.034	1776	343.034	992
343.036	3534	343.036	1268	343.036	802
343.038	3775	343.038	903	343.038	466
343.04	5143	343.04	1175	343.04	364
343.042	3079	343.042	696	343.042	379
343.044	1597	343.044	531	343.044	315
343.046	2044	343.046	510	343.046	208
343.048	1887	343.048	538	343.048	189
343.05	1847	343.05	636	343.05	97
343.052	2042	343.052	575	343.052	204
343.054	2595	343.054	706	343.054	232
343.056	2946	343.056	1226	343.056	470
343.058	4122	343.058	1804	343.058	482
343.06	6114	343.06	2365	343.06	948
343.062	5637	343.062	1936	343.062	913
343.064	7377	343.064	4144	343.064	1011
343.066	7912	343.066	2933	343.066	1270
343.068	6656	343.068	3201	343.068	1407
343.07	5997	343.07	2221	343.07	1111
343.072	5803	343.072	2946	343.072	1174
343.074	5652	343.074	3417	343.074	980
343.076	7077	343.076	1969	343.076	924
343.078	5439	343.078	1149	343.078	574
343.08	4435	343.08	1408	343.08	1029
343.082	3844	343.082	596	343.082	611
343.084	4038	343.084	520	343.084	587
343.086	2866	343.086	474	343.086	519
343.088	2123	343.088	310	343.088	133
343.09	1760	343.09	486	343.09	280
343.092	1466	343.092	303	343.092	87
343.094	1998	343.094	410	343.094	121
343.096	1518	343.096	307	343.096	156
343.098	1199	343.098	337	343.098	107
343.1	1419	343.1	528	343.1	66
343.102	1742	343.102	855	343.102	152
343.104	2345	343.104	797	343.104	217
343.106	2915	343.106	1391	343.106	201
343.108	4511	343.108	2057	343.108	441
343.11	4627	343.11	1953	343.11	639
343.112	5790	343.112	3427	343.112	1072
343.114	6319	343.114	2111	343.114	734
343.116	6954	343.116	4134	343.116	1588
343.118	5876	343.118	3708	343.118	801
343.12	5221	343.12	2962	343.12	1211
343.122	5517	343.122	3221	343.122	714
343.124	5033	343.124	2795	343.124	1238
343.126	4753	343.126	3052	343.126	608
343.128	3954	343.128	1711	343.128	698
343.13	4096	343.13	1205	343.13	622
343.132	2608	343.132	936	343.132	456
343.134	3143	343.134	793	343.134	186
343.136	1935	343.136	665	343.136	366
343.138	2230	343.138	480	343.138	217
343.14	1569	343.14	464	343.14	183
343.142	1346	343.142	342	343.142	111
343.144	1049	343.144	396	343.144	100
343.146	974	343.146	448	343.146	140
343.148	804	343.148	424	343.148	258
343.15	944	343.15	397	343.15	111
343.152	789	343.152	531	343.152	250
343.154	1375	343.154	605	343.154	210
343.156	1594	343.156	1038	343.156	373
343.158	2637	343.158	1106	343.158	277
343.16	3933	343.16	1079	343.16	589
343.162	3085	343.162	1839	343.162	690
343.164	6694	343.164	2303	343.164	1041
343.166	7567	343.166	2063	343.166	1675
343.168	7585	343.168	3116	343.168	1622
343.17	8296	343.17	3352	343.17	2049
343.172	7054	343.172	2919	343.172	1316
343.174	6046	343.174	2434	343.174	1493
343.176	5801	343.176	2664	343.176	1200
343.178	5317	343.178	1724	343.178	885
343.18	4080	343.18	1794	343.18	1175
343.182	3707	343.182	1162	343.182	437
343.184	3391	343.184	1072	343.184	285
343.186	3478	343.186	896	343.186	516
343.188	2728	343.188	543	343.188	376
343.19	2778	343.19	405	343.19	404
343.192	1527	343.192	407	343.192	124
343.194	1685	343.194	343	343.194	159
343.196	1521	343.196	304	343.196	105
343.198	831	343.198	221	343.198	149
343.2	854	343.2	278	343.2	131
343.202	520	343.202	252	343.202	267
343.204	640	343.204	261	343.204	128
343.206	709	343.206	253	343.206	207
343.208	846	343.208	333	343.208	125
343.21	985	343.21	443	343.21	213
343.212	1632	343.212	503	343.212	177
343.214	1949	343.214	806	343.214	329
343.216	2990	343.216	1076	343.216	407
343.218	3190	343.218	2029	343.218	749
343.22	4508	343.22	2009	343.22	1001
343.222	6970	343.222	2351	343.222	1172
343.224	8980	343.224	2932	343.224	1316
343.226	6567	343.226	3637	343.226	1373
343.228	7021	343.228	3472	343.228	2433
343.23	7680	343.23	1808	343.23	1635
343.232	7253	343.232	2347	343.232	1539
343.234	8679	343.234	2461	343.234	1011
343.236	6414	343.236	2145	343.236	832
343.238	5483	343.238	1140	343.238	625
343.24	4202	343.24	1389	343.24	508
343.242	3146	343.242	817	343.242	426
343.244	2429	343.244	604	343.244	655
343.246	2223	343.246	408	343.246	209
343.248	2162	343.248	310	343.248	170
343.25	2167	343.25	306	343.25	181
343.252	1937	343.252	255	343.252	130
343.254	1841	343.254	240	343.254	141
343.256	835	343.256	194	343.256	104
343.258	800	343.258	183	343.258	181
343.26	803	343.26	202	343.26	102
343.262	531	343.262	173	343.262	43
343.264	447	343.264	205	343.264	81
343.266	487	343.266	250	343.266	107
343.268	375	343.268	255	343.268	101
343.27	636	343.27	331	343.27	154
343.272	849	343.272	272	343.272	211
343.274	977	343.274	481	343.274	239
343.276	1179	343.276	543	343.276	429
343.278	1749	343.278	567	343.278	292
343.28	3029	343.28	1075	343.28	462
343.282	3622	343.282	1699	343.282	707
343.284	5126	343.284	2439	343.284	1051
343.286	5780	343.286	3123	343.286	1336
343.288	6108	343.288	3042	343.288	1826
343.29	6862	343.29	2401	343.29	1633
343.292	7392	343.292	2322	343.292	1851
343.294	5606	343.294	2606	343.294	1457
343.296	6217	343.296	2270	343.296	1534
343.298	4977	343.298	2323	343.298	1028
343.3	3755	343.3	1666	343.3	1148
343.302	2174	343.302	716	343.302	525
343.304	3355	343.304	811	343.304	702
343.306	1980	343.306	553	343.306	249
343.308	1561	343.308	541	343.308	299
343.31	1508	343.31	519	343.31	286
343.312	1529	343.312	291	343.312	293
343.314	1570	343.314	338	343.314	262
343.316	1291	343.316	231	343.316	139
343.318	942	343.318	242	343.318	62
343.32	608	343.32	178	343.32	105
343.322	541	343.322	163	343.322	90
343.324	494	343.324	150	343.324	88
343.326	359	343.326	106	343.326	134
343.328	181	343.328	130	343.328	182
343.33	177	343.33	114	343.33	38
343.332	228	343.332	144	343.332	70
343.334	251	343.334	119	343.334	132
343.336	249	343.336	168	343.336	174
343.338	173	343.338	170	343.338	116
343.34	260	343.34	280	343.34	307
343.342	358	343.342	351	343.342	117
343.344	565	343.344	285	343.344	356
343.346	627	343.346	525	343.346	368
343.348	620	343.348	737	343.348	455
343.35	1179	343.35	1051	343.35	404
343.352	1744	343.352	1127	343.352	772
343.354	1765	343.354	1994	343.354	1207
343.356	1903	343.356	1453	343.356	1279
343.358	2336	343.358	2278	343.358	1704
343.36	2909	343.36	1933	343.36	1178
343.362	1895	343.362	1684	343.362	1453
343.364	1980	343.364	1492	343.364	1829
343.366	1380	343.366	1811	343.366	1037
343.368	1829	343.368	1297	343.368	670
343.37	923	343.37	888	343.37	621
343.372	544	343.372	616	343.372	327
343.374	644	343.374	383	343.374	309
343.376	455	343.376	371	343.376	287
343.378	511	343.378	173	343.378	326
343.38	344	343.38	90	343.38	235
343.382	214	343.382	134	343.382	134
343.384	300	343.384	35	343.384	108
343.386	216	343.386	43	343.386	72
343.388	151	343.388	-6	343.388	125
343.39	130	343.39	3	343.39	54
343.392	121	343.392	13	343.392	55
343.394	135	343.394	-40	343.394	85
343.396	125	343.396	-15	343.396	36
343.398	118	343.398	-53	343.398	32
343.4	126	343.4	-43	343.4	25
343.402	137	343.402	-45	343.402	22
343.404	143	343.404	-10	343.404	89
343.406	134	343.406	-19	343.406	88
343.408	82	343.408	4	343.408	57
343.41	128	343.41	30	343.41	112
343.412	108	343.412	44	343.412	141
343.414	149	343.414	84	343.414	179
343.416	152	343.416	105	343.416	65
343.418	201	343.418	184	343.418	165
343.42	312	343.42	339	343.42	436
343.422	278	343.422	604	343.422	295
343.424	423	343.424	489	343.424	558
343.426	769	343.426	1031	343.426	667
343.428	623	343.428	1267	343.428	820
343.43	1118	343.43	1477	343.43	1209
343.432	1043	343.432	1678	343.432	1686
343.434	844	343.434	1579	343.434	2392
343.436	710	343.436	1547	343.436	1538
343.438	884	343.438	1466	343.438	2058
343.44	841	343.44	1040	343.44	1096
343.442	772	343.442	629	343.442	849
343.444	584	343.444	720	343.444	450
343.446	774	343.446	703	343.446	455
343.448	564	343.448	429	343.448	402
343.45	324	343.45	382	343.45	266
343.452	260	343.452	157	343.452	164
343.454	124	343.454	97	343.454	173
343.456	207	343.456	93	343.456	126
343.458	246	343.458	-10	343.458	198
343.46	225	343.46	-32	343.46	217
343.462	184	343.462	-42	343.462	92
343.464	156	343.464	-40	343.464	7
343.466	153	343.466	-48	343.466	-22
343.468	177	343.468	-70	343.468	61
343.47	92	343.47	-68	343.47	33
343.472	108	343.472	-62	343.472	56
343.474	128	343.474	-35	343.474	17
343.476	102	343.476	-75	343.476	29
343.478	149	343.478	-66	343.478	115
343.48	95	343.48	-85	343.48	167
343.482	121	343.482	-54	343.482	23
343.484	145	343.484	-31	343.484	71
343.486	128	343.486	-90	343.486	6
343.488	156	343.488	-68	343.488	82
343.49	130	343.49	-62	343.49	86
343.492	174	343.492	-66	343.492	100
343.494	119	343.494	-31	343.494	40
343.496	164	343.496	-33	343.496	140
343.498	177	343.498	19	343.498	239
343.5	233	343.5	104	343.5	126
343.502	239	343.502	135	343.502	389
343.504	233	343.504	190	343.504	172
343.506	316	343.506	407	343.506	534
343.508	544	343.508	810	343.508	868
343.51	498	343.51	1188	343.51	761
343.512	505	343.512	900	343.512	992
343.514	851	343.514	850	343.514	1318
343.516	919	343.516	1468	343.516	1419
343.518	1174	343.518	1557	343.518	1540
343.52	943	343.52	1700	343.52	1565
343.522	817	343.522	1347	343.522	761
343.524	954	343.524	820	343.524	922
343.526	708	343.526	826	343.526	902
343.528	623	343.528	529	343.528	755
343.53	488	343.53	404	343.53	776
343.532	375	343.532	507	343.532	453
343.534	268	343.534	216	343.534	228
343.536	320	343.536	163	343.536	245
343.538	239	343.538	86	343.538	91
343.54	291	343.54	70	343.54	136
343.542	200	343.542	27	343.542	89
343.544	108	343.544	17	343.544	44
343.546	154	343.546	32	343.546	143
343.548	85	343.548	-5	343.548	79
343.55	160	343.55	28	343.55	93
343.552	86	343.552	-18	343.552	61
343.554	120	343.554	-21	343.554	94
343.556	107	343.556	-43	343.556	46
343.558	86	343.558	-50	343.558	59
343.56	82	343.56	-46	343.56	103
343.562	100	343.562	-58	343.562	16
343.564	74	343.564	-79	343.564	37
343.566	85	343.566	-91	343.566	43
343.568	57	343.568	-46	343.568	14
343.57	64	343.57	-41	343.57	41
343.572	74	343.572	-98	343.572	25
343.574	112	343.574	-85	343.574	49
343.576	121	343.576	-56	343.576	93
343.578	139	343.578	-73	343.578	36
343.58	151	343.58	-58	343.58	24
343.582	166	343.582	-21	343.582	62
343.584	181	343.584	-35	343.584	100
343.586	171	343.586	-6	343.586	116
343.588	263	343.588	18	343.588	170
343.59	219	343.59	48	343.59	151
343.592	245	343.592	125	343.592	97
343.594	332	343.594	199	343.594	294
343.596	250	343.596	300	343.596	240
343.598	282	343.598	402	343.598	294
343.6	362	343.6	716	343.6	569
343.602	443	343.602	955	343.602	870
343.604	622	343.604	1079	343.604	1267
343.606	982	343.606	1417	343.606	1751
343.608	723	343.608	1325	343.608	1364
343.61	923	343.61	1379	343.61	1471
343.612	919	343.612	1018	343.612	1198
343.614	998	343.614	794	343.614	1022
343.616	735	343.616	673	343.616	681
343.618	721	343.618	515	343.618	735
343.62	437	343.62	366	343.62	393
343.622	461	343.622	279	343.622	386
343.624	327	343.624	145	343.624	388
343.626	395	343.626	70	343.626	289
343.628	387	343.628	43	343.628	70
343.63	278	343.63	37	343.63	79
343.632	198	343.632	-22	343.632	96
343.634	228	343.634	17	343.634	98
343.636	152	343.636	-62	343.636	136
343.638	194	343.638	-49	343.638	64
343.64	188	343.64	-71	343.64	105
343.642	148	343.642	-76	343.642	71
343.644	150	343.644	-72	343.644	54
343.646	165	343.646	-62	343.646	18
343.648	104	343.648	-102	343.648	42
343.65	83	343.65	-94	343.65	42
343.652	130	343.652	-99	343.652	44
343.654	139	343.654	-105	343.654	41
343.656	66	343.656	-95	343.656	66
343.658	85	343.658	-103	343.658	25
343.66	77	343.66	-62	343.66	17
343.662	98	343.662	-118	343.662	10
343.664	110	343.664	-110	343.664	-11
343.666	110	343.666	-106	343.666	69
343.668	107	343.668	-105	343.668	24
343.67	95	343.67	-107	343.67	31
343.672	131	343.672	-87	343.672	31
343.674	123	343.674	-79	343.674	20
343.676	109	343.676	-41	343.676	51
343.678	146	343.678	-101	343.678	90
343.68	108	343.68	-132	343.68	42
343.682	112	343.682	-101	343.682	198
343.684	97	343.684	-94	343.684	44
343.686	132	343.686	-81	343.686	41
343.688	181	343.688	-42	343.688	54
343.69	133	343.69	-22	343.69	69
343.692	198	343.692	64	343.692	168
343.694	226	343.694	186	343.694	154
343.696	325	343.696	115	343.696	266
343.698	304	343.698	321	343.698	428
343.7	415	343.7	422	343.7	737
343.702	554	343.702	685	343.702	672
343.704	716	343.704	806	343.704	947
343.706	829	343.706	767	343.706	1044
343.708	826	343.708	1327	343.708	1312
343.71	858	343.71	926	343.71	1084
343.712	945	343.712	1157	343.712	1125
343.714	754	343.714	815	343.714	1162
343.716	758	343.716	618	343.716	670
343.718	525	343.718	407	343.718	626
343.72	402	343.72	331	343.72	389
343.722	381	343.722	163	343.722	295
343.724	455	343.724	75	343.724	163
343.726	189	343.726	89	343.726	248
343.728	249	343.728	0	343.728	111