-15	nan
-4	nan
-2.5	nan
2.457899764334121	nan
2.664777626956006	nan
2.666359399232238	nan
2.86093932998497	nan
2.88094668288129	nan
3.114402304488376	nan
3.173270019938803	nan
3.17454570912876	nan
3.279022920824039	nan
3.308695113424109	nan
3.32018949374916	nan
3.382349055849968	nan
3.424578465257166	nan
3.534606476701475	nan
3.550344721789466	nan
3.561536375298251	nan
3.690855805081077	nan
3.692206617592317	nan
3.809255911243829	nan
3.829982842985972	nan
3.998473054705443	nan
4.006971118593921	nan
4.044631509679032	nan
4.137852752652557	nan
4.368071433788765	nan
4.470075188012499	nan
4.49369154832507	nan
4.519968378196375	nan
4.582351126636614	nan
4.617780346223551	nan
4.651045241669064	nan
4.665681600675812	nan
4.67572399081301	nan
4.702659930683661	nan
4.724885436334837	nan
4.810628089050049	nan
4.812538914089888	nan
4.846178613884454	nan
4.852843807466471	nan
4.891039259258713	nan
4.897421447184846	nan
4.951677275636846	nan
4.985830281642047	nan
4.996904202344198	nan
5.06081990711566	nan
5.081755769539972	nan
5.13076360426662	nan
5.132603650439948	nan
5.15034218968695	nan
5.195607785155476	nan
5.218575217582139	nan
5.242534192902427	nan
5.277502509170414	nan
5.282721574723563	nan
5.342174840945185	nan
5.354061960269405	nan
5.373522483865518	nan
5.429549898586489	nan
5.446800494295076	nan
5.452689401157925	nan
5.501637735609447	nan
5.518748344969133	nan
5.526150004697644	nan
5.590733701736243	nan
5.651967689473055	nan
5.65727654418563	nan
5.675764288643069	nan
5.710765312232185	nan
5.745372027256614	nan
5.745509594375162	nan
5.769172023607033	nan
5.83070999011554	nan
5.841061487972491	nan
5.853830530119784	nan
5.857727719142663	nan
5.864617450756858	nan
5.893770723126417	nan
5.903365558091107	nan
5.924267220128082	nan
5.940439766318701	nan
5.94536881021129	nan
5.969030436653163	nan
5.975623866583708	nan
5.990280703706532	nan
6.00196636619965	nan
6.01294356035571	nan
6.042755623592692	nan
6.058381694934429	nan
6.065360674745083	nan
6.071207929560664	nan
6.075792646336412	nan
6.083096460151213	nan
6.127280194998832	nan
6.141290047926212	nan
6.144400014753989	nan
6.14609030587984	nan
6.147163851189861	nan
6.152038159671058	nan
6.195254348846276	nan
6.229622537494642	nan
6.286202193060345	nan
6.293573824823691	nan
6.306743377039026	nan
6.315585139037676	nan
6.34765064433868	nan
6.353743597098482	nan
6.363906205158475	nan
6.372515731208305	nan
6.378091674234717	nan
6.378355980608702	nan
6.38706399703343	nan
6.38804562038036	nan
6.398767754501551	nan
6.409610796242401	nan
6.411313987613873	nan
6.416010706985288	nan
6.438732818723828	nan
6.444479377183439	nan
6.465535849571346	nan
6.473498491521802	nan
6.474478057827339	nan
6.496372653974795	nan
6.497538772561535	nan
6.508546194138161	nan
6.53706330067207	nan
6.544478396321753	nan
6.556583149696255	nan
6.567286966484014	nan
6.582519092094122	nan
6.6040266327552	nan
6.609182171063141	nan
6.614398764404629	nan
6.62205055620379	nan
6.6220628181556	nan
6.692430643796787	nan
6.6990687415507	nan
6.711240159009937	nan
6.727137537870451	nan
6.733209371841298	nan
6.746421022949029	nan
6.749821482881992	nan
6.80429689073879	nan
6.808370688052253	nan
6.812133620381172	nan
6.812647623052473	nan
6.824018350149496	nan
6.836298198273493	nan
6.840179188417902	nan
6.863732848180573	nan
6.867121446130611	nan
6.874429202491413	nan
6.901170306467362	nan
6.937465379148945	nan
6.967754880734115	nan
6.984945957225682	nan
6.9946995743381	nan
7.004331453305271	nan
7.022452285581474	nan
7.034871543086888	nan
7.037581213687117	nan
7.063882101356436	nan
7.067931882098017	nan
7.092355623246572	nan
7.130172981122763	nan
7.146723389863862	nan
7.158723950502678	nan
7.162326802814443	nan
7.167602333899625	nan
7.181750095005792	nan
7.212430719549266	nan
7.221695630721486	nan
7.230430442811101	nan
7.248946734867123	nan
7.251471935793438	nan
7.260407306281222	nan
7.262353899763611	nan
7.298023185480933	nan
7.325720403666044	nan
7.345069990870852	nan
7.361754374446126	nan
7.375532448853546	nan
7.39294192052024	nan
7.399076998427282	nan
7.419537860485088	nan
7.450467067100001	nan
7.451053096193744	nan
7.475030348948132	nan
7.514263891435034	nan
7.52479703812483	nan
7.525898427407841	nan
7.534377035331552	nan
7.54745378242783	nan
7.566908641945844	nan
7.571614483099161	nan
7.575940817990245	nan
7.578979838703608	nan
7.585648796929355	nan
7.586322565003215	nan
7.616147491469147	nan
7.621459801481055	nan
7.625444592393613	nan
7.646200632283993	nan
7.666057193988161	nan
7.678124891062273	nan
7.695084121382918	nan
7.70900379110879	nan
7.716816706368807	nan
7.738315282782153	nan
7.74731490001505	nan
7.753550249181965	nan
7.756855570582554	nan
7.767662711837065	nan
7.789756368725063	nan
7.815263422187202	nan
7.815731868405022	nan
7.819435146954409	nan
7.831256047703611	nan
7.835588668702557	nan
7.843837914932502	nan
7.86280032604474	nan
7.863251620154282	nan
7.863376182933245	nan
7.879942695199396	nan
7.889215860922407	nan
7.893473322397226	nan
7.893553863790451	nan
7.8948208064203	nan
7.901597549810655	nan
7.910437168320732	nan
7.926556719098583	nan
7.929148700198579	nan
7.932827856986099	nan
7.933732237721522	nan
7.937823682606783	nan
7.95109309563452	nan
7.959600058280001	nan
7.972798316819802	nan
7.991366202443849	nan
8.002104564442442	nan
8.00339869068875	nan
8.018055598518533	nan
8.032651708704996	nan
8.047197101198508	nan
8.053791044615355	nan
8.070056167173332	nan
8.08271291485606	nan
8.092982221703387	nan
8.100827501861687	nan
8.11307776635171	nan
8.116212933906855	nan
8.130263070902483	nan
8.142821807462768	nan
8.144321020537514	nan
8.144830465631665	nan
8.181702292631041	nan
8.191533180652224	nan
8.196930577314607	nan
8.212575484196144	nan
8.219895264699078	nan
8.2442333180697	nan
8.248973666802561	nan
8.25035191756019	nan
8.270021137495943	nan
8.294034720416173	nan
8.299732986114281	nan
8.311818337018398	nan
8.313025769261554	nan
8.319791758449222	nan
8.325968429665833	nan
8.331051228465931	nan
8.334174570065294	nan
8.335500396453174	nan
8.353755200675414	nan
8.355757012870956	nan
8.362353008304918	nan
8.365201466017288	nan
8.38771348054143	nan
8.39070675676707	nan
8.394329637886713	nan
8.404461224976927	nan
8.410352047451202	nan
8.412610172265799	nan
8.417645648781148	nan
8.426718365707794	nan
8.433762099925744	nan
8.464081978443687	nan
8.465157200408999	nan
8.47408239119428	nan
8.493928680645512	nan
8.494603987576328	nan
8.495044306243956	nan
8.505369590671545	nan
8.519941908591894	nan
8.520713192394695	nan
8.527422448795575	nan
8.537950474983633	nan
8.559503817121353	nan
8.569303229290792	nan
8.570033504955832	nan
8.575668097766499	nan
8.57866494271738	nan
8.588933617284519	nan
8.58962333698458	nan
8.589804092217916	nan
8.591597870245314	nan
8.593615080677242	nan
8.613068433801818	nan
8.626810297887168	nan
8.635192012064239	nan
8.640621807843807	nan
8.642774996940561	nan
8.652389268006084	nan
8.666377022886545	nan
8.678092403955553	nan
8.679923956582325	nan
8.694713554795465	nan
8.706203405991358	nan
8.708811243810493	nan
8.72236842796227	nan
8.745056855154049	nan
8.758458542473129	nan
8.760462897878311	nan
8.765000768900347	nan
8.790548337265101	nan
8.793218450155306	nan
8.79585012071373	nan
8.808084267070058	nan
8.821552158447849	nan
8.827944588326782	nan
8.834079849838197	nan
8.835785735739991	nan
8.843602847555598	nan
8.861278339832117	nan
8.868954393260541	nan
8.880901526786282	nan
8.881377935565236	nan
8.886484887769239	nan
8.897670418140846	nan
8.907141868254637	nan
8.935404963227686	nan
8.936572998921173	nan
8.94146201151875	nan
8.941661561701103	nan
8.953333964240919	nan
8.975532510252432	nan
8.980117151090766	nan
8.981692202889224	nan
8.982165845966392	nan
8.990077536598797	nan
8.993502153397303	nan
8.994814936433558	nan
9.004560088198453	nan
9.008184217637659	nan
9.025205318423373	nan
9.029376667936306	nan
9.054586522545934	nan
9.058815096709468	nan
9.061220451970501	nan
9.071374698162575	nan
9.081608393385272	nan
9.089903815467858	nan
9.090887481445691	nan
9.120910366918091	nan
9.120966230993954	nan
9.136873049616407	nan
9.138038785411212	nan
9.156085013519419	nan
9.160760345267709	nan
9.162905239955673	nan
9.183513640705428	nan
9.188856661494352	nan
9.204262630717498	nan
9.211525050241365	nan
9.215959587871357	nan
9.217361003187499	nan
9.219547733723775	nan
9.236544617810312	nan
9.253330040495126	nan
9.256195985863474	nan
9.262688481160076	nan
9.26844585926011	nan
9.288263710606703	nan
9.303772873054394	nan
9.304238286018448	nan
9.304452656626669	nan
9.306268986464483	nan
9.316979447765949	nan
9.317975168378918	nan
9.321299491268919	nan
9.321317279956574	nan
9.348588701232984	nan
9.364514371916425	nan
9.365842519154869	nan
9.37363839818333	nan
9.377115215205222	nan
9.387168281268426	nan
9.391407664951872	nan
9.40368752247141	nan
9.405579728774109	nan
9.411912034363635	nan
9.42176080563584	nan
9.435380878245917	nan
9.437581971374172	nan
9.454556648203377	nan
9.458423419529565	nan
9.470480982225359	nan
9.4972575247017	nan
9.503768123988596	nan
9.511362279517639	nan
9.513046985783266	nan
9.514107157406423	nan
9.515200063295856	nan
9.52738227669299	nan
9.529043172822371	nan
9.534053629353549	nan
9.541338030598496	nan
9.542563503367722	nan
9.543983829584345	nan
9.554731244045565	nan
9.576500407529233	nan
9.578673512537037	nan
9.596632173375435	nan
9.6001932464711	nan
9.60225415668449	nan
9.602446009682076	nan
9.612251015295836	nan
9.622732937579249	nan
9.641202307218265	nan
9.64338725202164	nan
9.654762509201065	nan
9.656781778060409	nan
9.661193298870971	nan
9.670533052828798	nan
9.672528080531057	nan
9.680535221175601	nan
9.688700115772939	nan
9.693020753558358	nan
9.694556321196227	nan
9.695255878601339	nan
9.696246749342588	nan
9.700459737507312	nan
9.702639628072268	nan
9.706134340326624	nan
9.733341748302019	nan
9.736233115838543	nan
9.736406126757808	nan
9.743665220863871	nan
9.744851937318556	nan
9.745383889008439	nan
9.760723693535429	nan
9.765053266532933	nan
9.771722632055418	nan
9.780168104586865	nan
9.782361414556588	nan
9.786123349920542	nan
9.792080623592431	nan
9.835452310746408	nan
9.835603927866108	nan
9.835900302553032	nan
9.838857678210188	nan
9.839765341349983	nan
9.844679498332068	nan
9.863290639711412	nan
9.865073520918758	nan
9.870339513188567	nan
9.875301371317017	nan
9.883597659835605	nan
9.898664997494903	nan
9.900639006273453	nan
9.901210976584458	nan
9.912191358577834	nan
9.9222967084999	nan
9.932118586275084	nan
9.94046398602652	nan
9.942146891983208	nan
9.949833640672603	nan
9.954359662096605	nan
9.958352312388493	nan
9.973404400284617	nan
9.97477668813427	nan
9.975978611879812	nan
9.984366913240102	nan
9.985849155627731	nan
9.989150134941033	nan
9.991045727782263	nan
9.999347631718571	nan
10.00056470215099	nan
10.06232152793523	nan
10.07659403209392	nan
10.11437881421357	nan
10.11529795349406	nan
10.11567364051384	nan
10.12226854874224	nan
10.12425617381391	nan
10.12886470992996	nan
10.13455158864003	nan
10.14799575323635	nan
10.14820757261267	nan
10.14918012212321	nan
10.1538765244976	nan
10.15604644769814	nan
10.15625013008163	nan
10.16028505459748	nan
10.16144281376258	nan
10.17136255915296	nan
10.17549634386343	nan
10.18536903444412	nan
10.19283515390607	nan
10.19358543850205	nan
10.19686529455922	nan
10.21654645888454	nan
10.21982685563613	nan
10.23020523511299	nan
10.24474321250908	nan
10.24550199254344	nan
10.25049165610026	nan
10.2512621417667	nan
10.2566473537473	nan
10.26182296194499	nan
10.27819121596149	nan
10.28346662358948	nan
10.28690439940952	nan
10.29152044374722	nan
10.30026010080579	nan
10.30324757417505	nan
10.30396765278836	nan
10.31993279598138	nan
10.32491242377	nan
10.32549856758402	nan
10.32712863803614	nan
10.36268978456127	nan
10.3664035258411	nan
10.37737491980879	nan
10.37767495172885	nan
10.38035114463535	nan
10.38377220271697	nan
10.40094515665594	nan
10.40266382121173	nan
10.40571567220883	nan
10.41148649467714	nan
10.41365322870525	nan
10.41517919221014	nan
10.42510093998448	nan
10.42548795241519	nan
10.42668359564777	nan
10.42735188345743	nan
10.43205422954669	nan
10.43671609341946	nan
10.44295458075444	nan
10.44683746488666	nan
10.45068311641307	nan
10.45200389067865	nan
10.4584183833583	nan
10.46186284099289	nan
10.47889761202354	nan
10.48121766327447	nan
10.49411193534744	nan
10.49668841715373	nan
10.50115571495276	nan
10.52353254646855	nan
10.53271016166934	nan
10.53406735639819	nan
10.54042379327817	nan
10.5425675695668	nan
10.55298173449056	nan
10.5650612409076	nan
10.56547832864747	nan
10.57215754806989	nan
10.57492707525175	nan
10.60070726886374	nan
10.60199478205947	nan
10.60512465562493	nan
10.60964604384576	nan
10.61182451317524	nan
10.61810798817451	nan
10.62068871217119	nan
10.63065937998737	nan
10.63171379292152	nan
10.65331456608338	nan
10.6849660839201	nan
10.68501693787714	nan
10.69240893288166	nan
10.7109285768712	nan
10.71575856100709	nan
10.72220355892335	nan
10.72606426113013	nan
10.74790302648163	nan
10.75211970134732	nan
10.75744065672031	nan
10.75874486869862	nan
10.75983664506874	nan
10.76432484322948	nan
10.77604737414447	nan
10.78233503175763	nan
10.79751417561065	nan
10.80400385656551	nan
10.80731348072081	nan
10.82217591674814	nan
10.83090729913303	nan
10.83507239770969	nan
10.83685258109476	nan
10.84376880328672	nan
10.85478758864499	nan
10.87675519515455	nan
10.88496554761193	nan
10.88958746611395	nan
10.89351488826439	nan
10.89473427134737	nan
10.89711216892824	nan
10.9041840543677	nan
10.9125450430701	nan
10.92754627125905	nan
10.93115828846939	nan
10.93302399271107	nan
10.97018417947574	nan
10.9702852281794	nan
10.97688880178403	nan
10.98320121207266	nan
10.99483886431973	nan
10.99493165554562	nan
11.01124022779222	nan
11.01510065358745	nan
11.02168628614913	nan
11.02351849273374	nan
11.0246071160765	nan
11.04347683149339	nan
11.05316847237052	nan
11.05345116288946	nan
11.05516185663307	nan
11.07054530636069	nan
11.07895327835047	nan
11.08010559860447	nan
11.08447360044181	nan
11.12190977652597	nan
11.12249067652474	nan
11.1454668740633	nan
11.15370443918778	nan
11.15721989978995	nan
11.17364657319725	nan
11.17394228465332	nan
11.17546024794442	nan
11.17622052331919	nan
11.1805676222035	nan
11.20343092638322	nan
11.20941866376512	nan
11.21427123829822	nan
11.21468676679375	nan
11.22506514162776	nan
11.22636875534121	nan
11.25809988624428	nan
11.27364058255693	nan
11.27565636236873	nan
11.28253316706688	nan
11.28256404172241	nan
11.30029492100196	nan
11.31215512136631	nan
11.31657468736273	nan
11.33833072218947	nan
11.3427569348748	nan
11.35302968765402	nan
11.35500075639576	nan
11.36540707806535	nan
11.36784417157114	nan
11.38284449069088	nan
11.39521136581075	nan
11.39641886141488	nan
11.40946011299188	nan
11.41228493120138	nan
11.41385431841901	nan
11.41551842906077	nan
11.41890204460859	nan
11.42182048004455	nan
11.43295179225703	nan
11.43453021419754	nan
11.4422646417365	nan
11.44449147404228	nan
11.44709687505926	nan
11.47595601921769	nan
11.48180522083334	nan
11.48527448965714	nan
11.49167474312645	nan
11.49944966508378	nan
11.50750971953332	nan
11.5156659521695	nan
11.52677370361283	nan
11.56617953868368	nan
11.57696947542341	nan
11.57880632284681	nan
11.58385018086827	nan
11.60909444392232	nan
11.60949372846964	nan
11.6162545763483	nan
11.621408985025	nan
11.64433158998348	nan
11.64781681330653	nan
11.64955281717918	nan
11.65331406134978	nan
11.65719516776741	nan
11.66355040728975	nan
11.67210994040447	nan
11.67470288517025	nan
11.68447326746429	nan
11.68922688411624	nan
11.69422760660613	nan
11.70886612579782	nan
11.72249126986718	nan
11.73497223379218	nan
11.76209882267603	nan
11.76957593939045	nan
11.77572784142606	nan
11.79608413315011	nan
11.79621882164539	nan
11.79660188625546	nan
11.79689377620901	nan
11.79981528116849	nan
11.80049383608468	nan
11.81815702221372	nan
11.81954079069197	nan
11.83574878725208	nan
11.84975743650587	nan
11.88662583371209	nan
11.90260892921053	nan
11.91253350279611	nan
11.91552614786668	nan
11.92958688433366	nan
11.93288532889535	nan
11.93718410807809	nan
11.9488857397777	nan
11.95578693839696	nan
11.96468378181948	nan
11.98442509307198	nan
11.9926970681257	nan
12.01176300589911	nan
12.012388376557	nan
12.01281372163098	nan
12.02942365252866	nan
12.0389182842393	nan
12.04217232222458	nan
12.0614228332805	nan
12.06564947366262	nan
12.06818064426639	nan
12.06822179813638	nan
12.07361724162626	nan
12.07390048232475	nan
12.11469895703706	nan
12.12821223419991	nan
12.13484366166763	nan
12.14567795489636	nan
12.14672585906319	nan
12.14740747751669	nan
12.15059279312801	nan
12.15380579285772	nan
12.15788840517362	nan
12.15797126261224	nan
12.15985251988369	nan
12.161888208446	nan
12.16813884666854	nan
12.16875224581659	nan
12.17223816213319	nan
12.19763438635678	nan
12.21911389829825	nan
12.22623657863524	nan
12.22711231905984	nan
12.23330152424962	nan
12.23517432283792	nan
12.2419060960906	nan
12.24284169810383	nan
12.26107990896801	nan
12.26864179812876	nan
12.31807795476303	nan
12.32031738405064	nan
12.32640784514146	nan
12.32650356653442	nan
12.32951466644611	nan
12.35154538379884	nan
12.35763937461663	nan
12.35982586050562	nan
12.36553747389758	nan
12.36580026300511	nan
12.38367558877615	nan
12.38444617745623	nan
12.39028261783604	nan
12.39250894823874	nan
12.40819106015775	nan
12.4095346729403	nan
12.41397516864892	nan
12.42424550248843	nan
12.43527270399801	nan
12.43859954353051	nan
12.45900614938993	nan
12.47103858935789	nan
12.477644975396	nan
12.49009452564548	nan
12.51850587621179	nan
12.52021503687415	nan
12.53114272224504	nan
12.539063211179	nan
12.54298767467371	nan
12.54507329694884	nan
12.54785040783427	nan
12.54952952741508	nan
12.55860340184708	nan
12.57085528075185	nan
12.57421169006375	nan
12.58770752532824	nan
12.60255772783411	nan
12.62396221535339	nan
12.62583152238546	nan
12.62676690445002	nan
12.65085269969465	nan
12.66267750126685	nan
12.69005333557972	nan
12.69772937274855	nan
12.71097695866007	nan
12.7167529505886	nan
12.72244062140748	nan
12.74110916790345	nan
12.74735498465014	nan
12.7527410489445	nan
12.75559061295893	nan
12.76827858360661	nan
12.79223438245476	nan
12.79504203705116	nan
12.8058745185033	nan
12.81314103243005	nan
12.83853335519601	nan
12.84464785760443	nan
12.87126673252639	nan
12.92464967201896	nan
12.94257509183398	nan
12.95164957411809	nan
12.95516424922146	nan
12.97263286709613	nan
12.98363596919148	nan
12.99659616659094	nan
13.02390946662306	nan
13.03939503361444	nan
13.05011249814907	nan
13.07641839037637	nan
13.07990738685488	nan
13.08560486415232	nan
13.11004278218576	nan
13.11806251856495	nan
13.14174184635713	nan
13.16102097406325	nan
13.16330351333835	nan
13.17273928847394	nan
13.17932392300711	nan
13.18338611648111	nan
13.18548267136959	nan
13.2051616848032	nan
13.23784760030257	nan
13.25482862815004	nan
13.26425456030827	nan
13.28790622999999	nan
13.29783654977858	nan
13.30043218720194	nan
13.30187870568426	nan
13.31001909514274	nan
13.32784715409441	nan
13.33792466836301	nan
13.34280132051035	nan
13.37250572995809	nan
13.40171496143781	nan
13.42901870334586	nan
13.43698910740294	nan
13.43926567215628	nan
13.46404351804075	nan
13.47316532246929	nan
13.50168436513624	nan
13.5119547528173	nan
13.51969393608109	nan
13.52033352053181	nan
13.55333108824914	nan
13.56038723063965	nan
13.58817581036889	nan
13.59246204649396	nan
13.59737890134597	nan
13.59739573438027	nan
13.64041157785014	nan
13.64605057869099	nan
13.65764064337654	nan
13.67607002517635	nan
13.67627460447698	nan
13.70690742461398	nan
13.74015598479954	nan
13.76819395054485	nan
13.77814985032287	nan
13.77883527256801	nan
13.78208909599782	nan
13.79191836722944	nan
13.83316991723805	nan
13.83792084906314	nan
13.85851412795515	nan
13.86022712780727	nan
13.87189350286939	nan
13.88350666014849	nan
13.90396209134711	nan
13.91392731189991	nan
13.91689855954143	nan
13.93425602613682	nan
13.94080049351139	nan
13.94583558795354	nan
13.95118353054958	nan
13.95643073332845	nan
13.97919195212608	nan
14.00503721255887	nan
14.01838934221621	nan
14.09747175088901	nan
14.1080890526066	nan
14.1410218896566	nan
14.15046328318894	nan
14.15188440441573	nan
14.16847071590357	nan
14.19498646416652	nan
14.22922027475275	nan
14.24638256364759	nan
14.26848833277987	nan
14.31758440061924	nan
14.32335367239385	nan
14.33426338029858	nan
14.33832007382705	nan
14.34374399138063	nan
14.34451942631176	nan
14.35430390089499	nan
14.3585334983996	nan
14.36547028421958	nan
14.36803626319728	nan
14.3763572715254	nan
14.3894591725322	nan
14.39614888446915	nan
14.4095983487189	nan
14.42068844902109	nan
14.43663485005196	nan
14.43804663596324	nan
14.44264622376547	nan
14.44790717133878	nan
14.4490710202738	nan
14.49769865328368	nan
14.51787556417441	nan
14.65258013189248	nan
14.65988796437475	nan
14.68924066876655	nan
14.71776408101307	nan
14.74577525715692	nan
14.76203332329212	nan
14.83709070671575	nan
14.86653373933767	nan
14.87480211444208	nan
14.91457646362902	nan
14.95189892646429	nan
14.9723541296683	nan
15.03228030482386	nan
15.07968631915307	nan
15.08245150306938	nan
15.10301690423986	nan
15.20017977373105	nan
15.24437521513283	nan
15.24904087528762	nan
15.25816008821638	nan
15.36482296003069	nan
15.36490308100559	nan
15.37503900388907	nan
15.49431223415906	nan
15.49437368571203	nan
15.5720855855951	nan
15.58825875497222	nan
15.59696320392909	nan
15.77569631530747	nan
15.77955619922218	nan
15.80731124928592	nan
15.83071845243693	nan
15.88753474429716	nan
15.92850016431278	nan
16.07776339234162	nan
16.27681492982156	nan
16.28242270978043	nan
16.29407467908297	nan
16.29511662446649	nan
16.33540462198304	nan
16.34061485444258	nan
16.4514446992856	nan
16.47291848715443	nan
16.4729870259575	nan
16.63330140424325	nan
16.6691798709812	nan
16.74486313314391	nan
16.93121827510196	nan
16.964586546097	nan
17.04339578865857	nan
17.5512608201845	nan
17.56193414403574	nan
17.88111514554463	nan
22	nan
24	nan
30	nan
nan	nan