0.6482091638777094
-0.7030059950298819
-0.2825891423565748
0.776363302832739
-0.2762944858788681
0.6723055063672695
1.063803354944716
0.9526807911922806
0.5909777456885151
0.2263253671911562
-1.14337113453605
1.25119133004192
-0.8557317050856463
-0.5954818690857117
0.632525389262969
-0.4479102903656567
-0.2415176005145936
-1.175555848325461
-0.2481243095442218
2.283960037427731
-0.4743650561360945
0.6282955776996273
1.350550481451257
-0.3430250880900634
0.09370864121209482
0.1468753203197686
2.856917127261253
1.13646100775739
-0.2049288397806818
-0.820148579222539
-3.032473585077771
-1.192523294619928
-0.5449205273279517
-0.730189089516158
-0.04843671177475943
-0.8558059863101364
0.3414534785247126
-0.8024870723444267
0.5377102857973668
1.0923365138066
2.440512161848981
-0.02409614811057223
0.126260018579507
1.383284834626932
0.7510795718491704
-2.117966224040167
0.6326622157696929
1.993698427439908
-1.280739055345258
0.8683299344196237
0.3987688968409272
-0.06402527533865873
0.4604493782411894
-0.9372000544577518
1.492977362681359
-0.6895289613671435
0.2247889659337932
0.7059422666951719
-0.6807471579331935
-1.015531262582651
-0.985762401155505
0.888553812481535
0.219749567916959
0.2339768094223255
-0.275923266586393
0.3182007597963204
0.5729376253185898
-0.2862388010061341
0.175794976554738
0.2094574409118112
0.4593178218164605
1.081583499144094
-1.224806252844512
-0.05780486286422015
-0.7069914318798369
0.5937518481627158
1.366030559776265
0.8294682235351516
-0.8474231198317569
-0.110624253352179
1.813273248846984
-0.178163978836151
0.597716668958356
0.8905250905371587
0.3094410558664177
-1.525603959285398
-0.5261457930334099
-0.04489346149600168
1.177377171391114
-1.082176477663787
-0.598794327580961
-0.002904015553137331
0.07552350552026721
0.8998186052789863
0.4212080800237875
-0.9673487542154933
0.4897284483100752
-0.9632851788432196
0.4448304783582483
-0.7030534506662728
-1.95790046941521
0.3596594398750554
-0.2826120644459711
0.593107858239405
0.4322007318363539
-0.04078701558217842
0.1574644976648461
0.02411514294209531
-1.238803721421547
-0.1441137014367422
1.395603579469105
0.234030667880612
0.486781083699321
-0.5716377454716416
0.6750204145424965
1.417633052274516
-0.5485405597099555
-1.11615433711175
0.4145400334362818
0.6652483728813092
-0.06826413055555437
-0.2667254631888166
-2.064618511166985
-0.5275056260747197
0.5211490846186811
2.07598186128984
1.398482327056729
0.258737404794673
0.3469969088841939
-0.09862031282040919
0.3287113271678299
-0.1344868804409094
0.2997142069693544
-1.63698112765711
1.807422532015712
0.5956712886506971
-0.4601377240234132
-1.371048819402325
0.2807389411768517
1.57945601218283
-0.5986754979485923
-1.504763389224361
0.2339836698656374
1.55405505926864
-1.129857331810764
0.3283390358468469
0.7889930927372349
-0.3522399293210879
-1.638295793684812
-1.856590630522653
0.6851439948323412
-0.6009098484144695
0.09633907500696655
-0.6651387284302214
0.3501558534413656
-0.8278092971115525
-0.4192409755090585
0.4402669250351331
0.9569994372995622
0.93201228034242
1.23921941647038
-1.17903126477393
0.3124164465328692
0.5203784222049499
1.015134881274175
-0.9347431734120908
1.487592741688664
0.8758085737565922
-0.9553622583047275
0.4904102289238415
0.1626759101161263
1.687308322663909
0.999789910793351
0.911338176060836
-0.4979436138412993
1.041678380991081
0.5950735815912435
0.4154205253710947
-3.136626683428073
0.2257485659695641
-0.4799550023328539
0.6209561590833136
-0.2466771141397676
1.009220689315148
0.6536206205840206
-0.2021131028890268
1.048569733330571
0.6849918758923654
0.0277994478139453
0.3648545037618978
-0.5058544633166903
0.01183601278822628
0.524929943613672
-0.6675912095676693
0.1584469440267168
0.7858929817690041
0.4198802044694235
-0.8427201972053133
0.2563790538450844
-0.710803014034475
0.3749821110155132
1.422090465586379
-1.049800628798837
0.0782527116838556
1.640429601751705
-0.4928725581064013
1.298412008117602
-0.5910402730059555
0.4805888437213032
-0.3407013829606688
3.001390991205609
0.0251596495070467
0.7605884083034915
1.37324925623842
0.7176573606193203
1.343292498056128
-0.2504560632704562
-0.6971985699407193
-1.218952107489661
0.608061981371497
0.07162049525407116
-0.6917272817248917
-0.1588683253953096
0.7042004827429231
-0.005503978292718808
0.09608433763197467
-0.5244076687917475
0.7800774968970314
0.5891167699720726
-0.6092377420212634
0.7813086329538933
1.12665320321309
-0.8209926609498319
-0.79027675152273
2.588647611694035
-0.7351335311799199
1.017514405030146
1.73893319945918
1.219927586215897
0.5192407619101529
-1.114910593992387
0.8329555668773571
0.6247081561969524
1.785650796149478
1.727157363621559
-0.9557411734544851
-1.188281804795542
1.739047275926425
0.6947257168707618
-0.9355991905891472
-0.001570725510287083
0.6162154702663182
1.150893788668953
-1.170127129336388
0.04788131985878818
-0.2788964721189018
-2.138876592309377
-0.157957575578614
0.4073705368778301
0.9126853530975032
-0.9178100275591525
-1.536136955703043
-1.826386273436772
1.568591279913742
-1.777695879508105
1.37043836686912
1.014574445932342
0.7432779792345168
-0.1195392922305427
-0.4597931587275985
-0.06754136826265239
-0.8609961775619155
0.305753552875714
0.1650348313242873
0.09548881697164961
-0.8545682854895343
0.4208442897332593
1.149721762552083
-0.1824079992296178
2.120022933794562
0.6965262211260724
0.4826768878832743
-1.052079741269471
-1.293400802028707
1.447622676204269
-1.926189679571006
1.51478754426849
-0.1521264462226488
-0.3204744956624099
0.07559421108350145
2.075488731260871
-1.310394897642872
2.31424313720093
0.03715687134347002
1.808891739614415
-1.412898238989696
-2.415097457328265
-1.847765045898847
1.724242646073461
-1.146621099990542
0.3455401351457261
1.206473951821984
0.8653715448763226
-0.7039236680101227
-0.3231372863099321
0.5871443535957122
0.193237860173712
-0.08719872594350446
0.4834187939076524
0.08450930252705371
0.7688346975458755
1.300051709165827
-0.5936989148348096
0.1178015999401831
-1.535768144188574
-0.144853779729797
0.6177405670730668
0.3268930180438339
0.1868596853685716
1.195410336348582
2.120739203617476
-0.1633167716201346
1.802574782198722
-0.9613255997977279
-0.3105887705417158
-0.9019677098840688
0.3938040133413381
-1.665447250021829
1.384377982232013
-1.448483684539405
-0.831994100414177
-0.02703549076093018
1.109253991999177
0.3424409588894304
-0.7719354087030914
2.097795134810814
0.1774071581400964
-0.856125815135876
-1.470188638622587
-0.008547185698650445
-0.8084153966354247
1.867849108753362
0.6328141583475033
0.4686254896285563
0.898149761463686
-0.03971938437305605
0.8245646522001978
-0.3776791589944389
2.149236758105349
-0.2343015327880031
0.9708604084162841
0.8235197802287713
-0.5827270855596632
0.04659396037311866
-0.6559037506815059
0.6048767265835682
0.863572034023528
0.343980050571122
-0.8091599039152584
1.319938536113868
1.391513507241698
-0.7245120157621309
0.1055370642502785
-0.2781284147258097
-0.4657958018564667
-1.712122388946302
0.7887345268360751
-1.586169029649397
1.505824899859837
-0.03891483499392918
-0.8996509684721877
1.00100417153173
-0.4854750244572477
-1.681086079453268
0.414673688784485
-0.2523238002254133
0.534978062072423
-0.1894669576450164
-0.006879584496898684
0.5183611368160878
-0.7297429646201187
1.935160983816492
-0.02080125430739008
-1.104151021719726
-0.9231885483274364
-0.4668660088650385
-1.450636007941021
0.9544137872768489
0.3650849203288861
0.4708010036863791
2.458853031810568
-0.5958182768673222
0.2454959799012459
-1.084315718788401
0.654646431192362
-0.02148973009124344
-0.1568016681123931
0.09843128901607881
-0.3665729263421109
1.16777256235387
-0.438984457433034
0.05708184512314318
0.9434738578785261
0.04629488778387528
-1.978717267886758
-0.9539697879890698
-0.9404328698682082
0.3509744554391918
0.600139853701395
0.2762418974820616
1.393335007368006
1.432325053965683
-1.877314860605832
-0.5524625088486164
-2.846739590645389
0.8935020716090976
-0.5548058560244006
-0.1196822013691502
-0.5794932985099901
0.6461306735491561
0.3093431367938561
0.1626409266909642
1.435126563102611
-0.8108042218521544
0.04297884076780886
0.6873597022228788
-0.7987946424643048
-0.8027594014323263
0.5259410751861864
-0.1919374675042614
0.2413498100129222
-0.2496237512270989
0.08350868663814373
-0.6146666724868305
-0.5962145746872496
0.6322402393207791
-0.8448845530635843
-0.7964297232273645
-0.6933304944624941
0.2881322410255617
1.291705272458337
0.2855327810193633
1.032108352699654
-0.7619894164621862
0.406447054527443
0.39004006063999
-0.7738188442793317
0.4432421951937369
0.7912562494837087
-0.3745202194330873
-1.037469592326614
0.5916160770645283
-0.8973726169557619
0.9538824782781201
0.2739518600847502
0.4488401640300922
-0.9769610383274048
-0.7178389953720926
-1.535677488245569
-0.09567101298546768
1.34467609969039
-0.8004855674114818
0.4209827013769736
0.927393264396046
0.002520391699470293
0.05917335522491867
-0.6940201011851577
-0.8546524640178774
-0.486136366361401
-1.762588944416966
-2.969478277448063
0.369008895823159
0.9004425198834993
-0.6013463750038017
0.07487698731014594
0.04720183628446824
0.3345799155199299
0.5885022496989943
0.08429756995594968
-1.450487991758425
-0.2145875416904526
0.9347506111561487
1.327399169244341
0.6495356214611275
-1.090989427407398
-1.480634342294195
0.7810319353325159
-1.732170661575474
-2.51020048790583
-1.186209079715143
-0.1710804351368572
1.515210149307008
1.03039336743171
-0.2649277103003148
-1.425181546916752
0.2169958097796078
1.059161430185821
-0.3727422187384598
1.208939128313558
-0.001832121389681663
-1.431599145332759
0.6516907630656348
-0.8477144208582555
-1.703507512635535
1.154417017308971
-0.1371707318944949
-0.9075161507723277
0.7773892233386511
0.07832188480614875
-1.268988042125519
0.8165858100207837
0.3212807545220087
-1.199176271480319
1.531235513915356
-0.4258534794460125
-1.653319919214713
-0.4289804491275981
1.567388807071698
-0.3510652170594999
0.6562414504112105
1.759541133538356
0.2773901630689283
-0.8704430143354521
0.2175958662723186
-0.005548101652115712
0.09953910516377686
0.006229431936486293
1.109653585039438
-0.281279500640953
1.628450621457318
0.6430485676625752
1.251917251296012
0.3946774771885604
-0.767294705322498
-0.1304347229963226
1.049821887879529
1.545705847037398
1.295113254410755
0.4672746955167488
0.647287133972673
0.1722186657063354
-0.4410096588731754
1.362392018519768
-0.5752343562665353
-0.1656993944787045
-0.1081584081047571
1.698186078678952
0.8398320479399839
1.227383208687426
1.47564470110127
-1.304834370439325
-1.202830754642898
1.497330170982965
-0.03067483758750706
0.916706685225514
0.9545363806509635
1.924049841190402
2.353991487770368
-0.9740410758556907
1.457187486439535
1.098567696128572
-0.2446389779708331
-0.0710289366181248
0.7478795639428807
-0.1002901201080044
0.9612039206670574
-0.09484502362066495
-0.8327786493785279
-0.6674929806495029
0.1030187366989303
-0.9941662028618121
1.661165768159493
0.9202353921517553
-0.360100314325015
0.6913531007587642
0.6898939545309327
0.4095973661705019
-0.6415297720810756
0.5267594479803851
-0.9982617062868758
1.818298507078515
1.086987981499606
0.06556347115899445
-0.7136842316200238
0.7360118967840312
-1.283709185953142
1.307200594741337
0.2898609327577303
-1.418121697986705
-0.7656715025099098
-1.733116189656957
1.420999080201072
0.7066197573749641
-0.4955335818608681
0.8372514320933241
1.246589346504672
-0.2164075662427082
1.384680299019341
0.4149957747195582
1.493959624810234
0.1761001322931397
0.8333447036899517
-1.331698475915034
0.7600606474239838
0.293043860883278
0.8974256597714857
0.6118800060632232
-1.835085105157945
-0.8388842763824762
0.8606394343578828
-0.5362337168296978
1.762677706685385
-1.016236031101126
-1.574356655169473
0.8397303023052706
0.9535922735831265
-1.962378186909885
0.7449595397454349
0.3369836889447114
-1.996865865914213
1.42412914964345
0.8880912787160005
1.43587757973481
1.055961126381698
0.3138529409589346
1.254728723102772
0.393109435721533
1.191385622620052
0.6954535909210141
1.295042615430333
0.4767457601856397
-0.2979566058463164
-0.2313348750139403
0.333724959400055
-2.197414315966856
0.3586292053508208
-0.04509536305099045
-0.08114398877474066
0.2704831250397923
-1.731089862526376
-1.284833170966529
0.6365072979187546
1.592954754485808
-0.3747510645781831
-0.1343515469495612
0.08268357566119576
-2.0219900410161
0.8999447604010138
0.5884440882526361
1.29804303444174
-0.4668437369753259
0.9416749610371804
-1.093888149018468
0.6182087950428077
0.1471144860512738
0.9767575801612774
-0.4651379760438243
0.2936244636124155
1.213129376687345
-1.750864917113899
0.5488094117870014
-0.9863413675910213
0.5690018790309603
0.3929771562131828
-0.2549382999550414
1.662109455884704
-0.3294579479140812
-1.538116426020005
0.1988157398804812
-0.2683962739546485
-0.6968900579909904
0.73624602940126
2.006398487085534
0.4842718453566739
0.7043975556732451
0.7909570948312756
1.149931931414714
-0.6612938977723898
-1.546885552179448
0.2574486135272503
-0.8317218880440546
-0.2736988854746112
-0.8372077743091475
0.05429539763484446
-2.667028834087249
-0.004648606439450576
-0.2694987942525721
-1.173400555681129
-0.5545561555481517
-0.1307609198317142
-1.12817785237659
1.605244860553469
1.110574441924642
-0.3528340023533584
0.5508543757400558
-1.785938260888297
-0.07561896096881075
-0.3805327501124955
1.119574294705969
-0.1820575297982858
-0.08613669212512662
-0.3554504207815177
-0.5847671101390579
0.1818090445069488
0.05845175993484553
-1.706959767533137
-1.92449361954889
0.0008961895779278495
-1.239440157291047
0.3875003876107507
-0.1372135817117481
-1.261887266872693
1.36599484228787
-0.4898521730637703
-1.09869194036197
0.6838119981768087
-0.1514298142781763
-0.08652437174409423
-1.083553916927117
0.9803831656193382
0.4901193855238019
1.660162599438513
-0.09756638382539858
-0.4058124274189505
1.109573284592021
0.5849902909204935
-0.1409128270138166
-0.74990020343747
2.193070214078038
-0.0246449982328058
-0.692567621250992
-0.6914968776000611
-0.8579349094277166
-0.7992123017069139
0.05690309402098591
-0.3880088443064549
0.8339870707614634
-0.6936367042345827
-0.1091077899605927
-0.1231897260558963
0.1229858651275035
-0.3668221435265693
0.6787241729215281
-1.534209301491494
1.556723682065578
0.4837626406979161
-0.7604044145100286
-1.299847308110526
-0.183742606430811
-0.08881781248937856
-0.1215712903825642
-0.2696286108293711
-1.550259552385873
-0.1680646342700816
-0.09841037882729735
0.5622714769127238
-1.161224997699054
-1.002554892589921
-1.487944103611359
-2.640810741893462
-0.7949241285996294
0.696115153175242
0.6116044795819924
0.2719585597744742
0.256542055566867
2.034199228366703
1.416001107442183
-1.39899732778758
0.4825873822411322
-0.06685753699014046
0.05901702024996491
-1.07668707730586
-1.135768218078693
1.052151452339333
-1.576141238819856
-0.07978364914710227
0.251017193594325
-0.7434859969924176
1.118235966711736
1.70612860263097
-1.8821862966583
-0.09873972450438073
0.08312592631542497
-0.598335313523422
-0.8432234807460046
1.666306915129461
-0.1342894293027817
1.09647179586661
-0.2791432533294127
2.012673391245645
-0.07760592835042848
-0.690853707749851
-0.746627829031957
1.133393090223299
-1.034704772460005
0.1920832201204689
-0.6256686254396269
-1.051007729647971
-0.1427564349773664
0.9494521932513728
-0.001259660248736783
0.4091937780068841
0.09376058148587819
-0.2220889085306545
-0.600784351835691
0.06949026538753443
0.1590367615574068
1.217906724884779
0.3106976426185442
-1.59652282275289
1.743645650253095
0.4928381265700778
-0.6967067522432272
0.3103296424038893
1.10654750201983
-0.6318883161727206
1.041611100128631
0.4490112163909696
-0.2510790321094478
-1.62584967600926
0.4549292030752708
0.6705164971812493
-0.8452469220888436
-1.360371191588591
-1.145602346682266
-0.7664210636308593
1.161034049165563
1.659508125170581
0.198317979018311
0.8548052079794525
1.917607440357354
0.2595861606368762
-2.708557283301092
-0.02041819259149275
-1.441089322029282
-2.471662101674962
-0.4310864461549025
-0.6436100518032928
0.5102300426933007
1.037524197881682
0.2755520615911259
-1.547024510267268
0.7392336918400005
0.4764179228604458
0.006765165347072069
-0.3717157939292159
-0.5006982407246323
-0.5515759844734253
-0.8573129327379125
-1.404859358649279
0.1444580670062416
-0.532046362406839
-1.27676018340772
0.9053626404157956
-2.305341156976302
0.6207585606063997
-0.2154676444978729
-0.007194429047845172
-2.984258961401176
0.9178059164571754
-1.719924338055564
-0.776039213716502
0.8345770930317795
-1.02325693068088
0.828439492635092
1.131382479815418
0.7224416896636353
0.4205862018796541
0.07986269333473112
-1.179279547894611
-0.2953187537474442
-0.2592860103645606
1.357278971391987
0.4275218303872178
0.8031352067365107
-0.1322384243265442
0.6926210684503015
0.3105414823467683
0.3682071903291416
0.7052348112138968
0.3168525250998034
-0.9514157191016129
0.01554386274639111
0.5157577213254473
-0.0853383784890652
1.078057081186335
-0.1253512296599984
1.368329207759502
0.6069210495850905
0.7178811146977929
-2.682456603119686
0.5720717786629248
-1.118339641466866
-0.7783805626428889
1.374299540083148
0.755115471974303
-1.914154329056835
-1.050873365123877
1.135819418307395
-0.7695479412524798
-0.463298321051046
0.1755853866840851
1.333127237719258
0.3615210443252257
1.604412370510921
1.83805534197441
0.3518216451148268
1.020920663410551
0.08357493054872976
-1.459947222568267
-0.1315672865751849
-0.1332552917731928
-0.6820363394997615
-2.311150592155714
-0.002078208598108585
1.026784232145353
-0.2199002497703582
-1.055427623420623
0.1461677108705166
-0.2952186747211253
-0.4875776671262601
1.519700092401505
-0.4415006869923191
0.8507778865307154
-1.325030044097255
-0.1914100712200703
-0.603457327978308
-0.01672259435453243
0.5672621131041087
0.07796375312218387
0.2165293604549788
-0.3342861175986652
1.458527635112193
-0.1819999909817514
-0.09422760284728185
-0.6255329791971199
-1.16702177929296
-0.2888382568580273
0.3410000418496556
0.2441084997132957
-1.308051067142554
-0.3245944435797071
1.129666969452373
-0.6498739562416698
-0.8906795261497693
-0.6776435178715593
2.215509694515549
-0.6949529943253552
-0.1772980419044461
0.5126127939477529
-0.4097382503920803
0.5869481668470226
1.356177151275552
-0.6552019629960802
0.7934451096218033
-2.973412444350121
0.49392053627386
-1.276294236361967
0.7387263956758896
-0.8737325973938688
0.6700836349164088
0.3452165342354876
-0.4560800704195384
-0.4563778671597949
0.2241661688648783
1.479470084431745
-0.7728408116252683
-0.6284531187657296
-0.4267172150232239
0.3642143853687831
0.5885218406729091
0.7051124943886444
-0.5227080268280652
-0.0352685097751839
-1.718720281331958
-1.274812395916568
0.7501203318025564
0.731268620078787
-0.6211848103696017
-0.2027477318424323
0.7097214321710823
-0.7022563497231569
-0.142943175799278
0.06970881230727412
0.2861485393555561
-0.7797516699124601
0.2351580046880403
-0.188233800601722
1.058542238389808
-0.4995170839251757
-2.210180139414349
-0.3081247561767502
0.5495950109443946
-0.768227903889682
0.1673346414985578
1.33288320368659
1.076828947602786
-0.3230138503088916
-1.388666706590848
0.1926633172775887
